18181818 11118888 18
18181838 11138888 138
18183818 11138888 138
18183838 11338888 138
18381818 11138888 138
18381838 11338888 138
18383818 11338888 138
18383838 13338888 138
27272727 22227777 27
27272729 22227779 279
27272927 22227779 279
27272929 22227799 279
27292727 22227779 279
27292729 22227799 279
27292927 22227799 279
27292929 22227999 279
29272727 22227779 279
29272729 22227799 279
29272927 22227799 279
29272929 22227999 279
29292727 22227799 279
29292729 22227999 279
29292927 22227999 279
29292929 22229999 29
38181818 11138888 138
38181838 11338888 138
38183818 11338888 138
38183838 13338888 138
38381818 11338888 138
38381838 13338888 138
38383818 13338888 138
38383838 33338888 38
72727272 22227777 27
72727292 22227779 279
72729272 22227779 279
72729292 22227799 279
72927272 22227779 279
72927292 22227799 279
72929272 22227799 279
72929292 22227999 279
81818181 11118888 18
81818183 11138888 138
81818381 11138888 138
81818383 11338888 138
81838181 11138888 138
81838183 11338888 138
81838381 11338888 138
81838383 13338888 138
83818181 11138888 138
83818183 11338888 138
83818381 11338888 138
83818383 13338888 138
83838181 11338888 138
83838183 13338888 138
83838381 13338888 138
83838383 33338888 38
92727272 22227779 279
92727292 22227799 279
92729272 22227799 279
92729292 22227999 279
92927272 22227799 279
92927292 22227999 279
92929272 22227999 279
92929292 22229999 29
